****************************************************************************************************
     Average of energy (eV atom^-1)
----------------------------------------------------------------------------------------------------
          -9.20668243
****************************************************************************************************
     Average of force (X Y Z) (eV ang^-1 atom^-1)
----------------------------------------------------------------------------------------------------
          -0.00000035      0.00000117     -0.00000534
****************************************************************************************************
     Average of stress (XX YY ZZ XY XZ YZ) (GPa atom^-1)
----------------------------------------------------------------------------------------------------
          -0.32501736     -0.02217017     -0.14949716     -0.07456822     -0.14365169     -0.01094905
****************************************************************************************************
     Variance of energy (eV atom^-1)
----------------------------------------------------------------------------------------------------
           0.02557713
****************************************************************************************************
     Variance of force (X Y Z) (eV ang^-1 atom^-1)
----------------------------------------------------------------------------------------------------
           0.07127592      0.07042941      0.06206781
****************************************************************************************************
     Variance of stress (XX YY ZZ XY XZ YZ) (GPa atom^-1)
----------------------------------------------------------------------------------------------------
           0.32438764      0.31909302      0.36298120      0.23625013      0.29272260      0.14337288
****************************************************************************************************
     Normalized histogram
     X, HIS_E, HIS_F, HIS_S
----------------------------------------------------------------------------------------------------
     -3.00000000      0.00000000      0.01388889      0.00694444      0.01041667      0.00000000      0.00000000      0.00000000      0.00000000      0.00000000      0.05555556
     -2.70000000      0.00000000      0.00694444      0.01041667      0.00694444      0.00000000      0.00000000      0.11111111      0.00000000      0.05555556      0.00000000
     -2.40000000      0.00000000      0.00347222      0.01388889      0.01041667      0.00000000      0.00000000      0.00000000      0.05555556      0.00000000      0.00000000
     -2.10000000      0.00000000      0.00694444      0.02083333      0.00347222      0.00000000      0.00000000      0.00000000      0.00000000      0.00000000      0.00000000
     -1.80000000      0.05555556      0.04166667      0.02777778      0.01388889      0.05555556      0.00000000      0.00000000      0.00000000      0.00000000      0.00000000
     -1.50000000      0.05555556      0.03125000      0.01736111      0.03472222      0.00000000      0.05555556      0.00000000      0.05555556      0.00000000      0.00000000
     -1.20000000      0.16666667      0.04861111      0.05555556      0.06250000      0.00000000      0.05555556      0.00000000      0.05555556      0.00000000      0.00000000
     -0.90000000      0.11111111      0.09722222      0.06250000      0.10416667      0.16666667      0.00000000      0.05555556      0.00000000      0.00000000      0.05555556
     -0.60000000      0.11111111      0.10416667      0.10416667      0.10763889      0.22222222      0.55555556      0.00000000      0.05555556      0.38888889      0.05555556
     -0.30000000      0.00000000      0.15625000      0.20833333      0.13541667      0.16666667      0.11111111      0.05555556      0.33333333      0.16666667      0.33333333
     -0.00000000      0.16666667      0.11805556      0.13194444      0.20138889      0.11111111      0.00000000      0.33333333      0.16666667      0.11111111      0.33333333
      0.30000000      0.00000000      0.09722222      0.09722222      0.09027778      0.22222222      0.05555556      0.33333333      0.11111111      0.05555556      0.11111111
      0.60000000      0.05555556      0.11458333      0.10763889      0.07638889      0.00000000      0.00000000      0.00000000      0.05555556      0.05555556      0.00000000
      0.90000000      0.05555556      0.04861111      0.05208333      0.04861111      0.00000000      0.00000000      0.00000000      0.00000000      0.05555556      0.00000000
      1.20000000      0.11111111      0.04166667      0.01736111      0.02083333      0.00000000      0.00000000      0.11111111      0.00000000      0.00000000      0.00000000
      1.50000000      0.11111111      0.04166667      0.02083333      0.02777778      0.00000000      0.05555556      0.00000000      0.00000000      0.05555556      0.00000000
      1.80000000      0.00000000      0.01388889      0.01736111      0.01388889      0.00000000      0.00000000      0.00000000      0.05555556      0.00000000      0.00000000
      2.10000000      0.00000000      0.01041667      0.02083333      0.00694444      0.00000000      0.11111111      0.00000000      0.05555556      0.05555556      0.00000000
      2.40000000      0.00000000      0.00000000      0.00000000      0.00694444      0.00000000      0.00000000      0.00000000      0.00000000      0.00000000      0.00000000
      2.70000000      0.00000000      0.00000000      0.00000000      0.00347222      0.00000000      0.00000000      0.00000000      0.00000000      0.00000000      0.05555556
