****************************************************************************************************
     Results at       6403 MD step.
====================================================================================================
     Total energies (eV)
----------------------------------------------------------------------------------------------------
       -0.147945E+03   -0.147955E+03
       -0.147874E+03   -0.147882E+03
       -0.147687E+03   -0.147695E+03
       -0.147461E+03   -0.147469E+03
       -0.147279E+03   -0.147287E+03
       -0.147215E+03   -0.147223E+03
       -0.147283E+03   -0.147289E+03
       -0.147434E+03   -0.147437E+03
       -0.147590E+03   -0.147591E+03
       -0.147688E+03   -0.147687E+03
       -0.147689E+03   -0.147687E+03
       -0.147598E+03   -0.147597E+03
       -0.146993E+03   -0.147000E+03
       -0.146869E+03   -0.146879E+03
       -0.146691E+03   -0.146673E+03
       -0.146666E+03   -0.146641E+03
       -0.146787E+03   -0.146772E+03
       -0.146774E+03   -0.146761E+03
====================================================================================================
     Forces (eV ang.^-1)
----------------------------------------------------------------------------------------------------
       -0.320807E-04   -0.630878E-12
       -0.193310E-03    0.107274E-11
        0.147707E-03    0.190607E-11
        0.659504E-04   -0.266157E-11
       -0.137850E-03    0.604907E-12
       -0.706814E-04   -0.692318E-11
       -0.342882E-04    0.186282E-11
       -0.674692E-05    0.102497E-12
        0.121325E-03    0.546795E-12
       -0.138919E-03   -0.497333E-12
        0.128680E-03   -0.115105E-11
       -0.712579E-05   -0.124108E-11
        0.174282E-03    0.393340E-11
       -0.261246E-04   -0.289170E-14
       -0.588941E-04    0.594718E-11
        0.696871E-04    0.267074E-11
        0.111566E-03   -0.781513E-13
       -0.273778E-03   -0.913273E-12
       -0.186048E-03   -0.187417E-11
       -0.704714E-04   -0.133001E-11
        0.698153E-04    0.569231E-11
        0.217174E-03    0.190666E-11
       -0.885065E-05   -0.268420E-11
       -0.728632E-04   -0.440035E-11
       -0.142568E-03   -0.324873E-11
       -0.302732E-04    0.193913E-11
       -0.489939E-04    0.235932E-11
        0.471190E-04    0.149354E-11
       -0.126187E-03   -0.100736E-11
        0.766547E-04   -0.422662E-11
        0.203388E-03   -0.387777E-12
        0.608554E-04    0.138947E-11
       -0.187516E-03    0.179030E-11
        0.606923E-04   -0.121069E-11
        0.512648E-04    0.934942E-12
        0.872085E-04   -0.260736E-11
       -0.254015E-03   -0.112538E-11
        0.670690E-04    0.146799E-11
       -0.106208E-03    0.284586E-11
       -0.800065E-04   -0.606455E-12
        0.248155E-03    0.496770E-12
       -0.101456E-03   -0.455925E-11
        0.907671E-05    0.180337E-11
        0.746382E-04   -0.718127E-14
        0.370549E-03    0.564442E-11
       -0.972182E-04    0.197642E-11
       -0.373444E-03   -0.194434E-11
        0.667043E-04   -0.349060E-12
       -0.226887E+00   -0.207204E+00
       -0.346586E+00   -0.379779E+00
        0.527753E+00    0.533654E+00
        0.512030E+00    0.480076E+00
        0.236970E-02    0.114328E-01
        0.689736E-01    0.627383E-01
        0.274848E+00    0.300254E+00
       -0.924554E-01   -0.106109E+00
       -0.341391E+00   -0.315666E+00
        0.171925E+00    0.175679E+00
        0.389639E+00    0.415581E+00
       -0.476294E+00   -0.496832E+00
        0.615600E+00    0.624830E+00
       -0.816151E+00   -0.844878E+00
       -0.288239E+00   -0.285320E+00
       -0.302282E+00   -0.308877E+00
        0.247372E+00    0.266179E+00
        0.149824E+00    0.141755E+00
        0.733529E+00    0.731212E+00
       -0.762083E-01   -0.106301E+00
        0.116582E+00    0.126101E+00
       -0.479373E+00   -0.449774E+00
       -0.676828E-01   -0.334778E-01
        0.161156E-01    0.668762E-03
       -0.116122E+01   -0.113656E+01
       -0.163472E-01   -0.364643E-01
        0.140263E+00    0.155113E+00
        0.602471E+00    0.578747E+00
        0.184754E+00    0.210918E+00
       -0.273534E+00   -0.282380E+00
       -0.492933E+00   -0.498503E+00
       -0.669120E+00   -0.696115E+00
        0.371087E+00    0.379518E+00
        0.159918E+00    0.145537E+00
        0.344147E+00    0.364682E+00
        0.245589E+00    0.236255E+00
       -0.891928E-01   -0.992087E-01
        0.546527E-01    0.621906E-01
       -0.239915E+00   -0.225279E+00
       -0.258592E+00   -0.247189E+00
        0.605279E+00    0.626715E+00
       -0.361889E+00   -0.387962E+00
        0.571930E+00    0.533585E+00
        0.313358E+00    0.293460E+00
        0.556790E+00    0.575253E+00
       -0.631922E+00   -0.622607E+00
       -0.568662E-01   -0.480330E-01
       -0.212541E+00   -0.217619E+00
       -0.454487E+00   -0.422840E+00
       -0.684480E+00   -0.734599E+00
        0.106197E+01    0.107700E+01
        0.935427E+00    0.871013E+00
        0.124801E-01    0.231097E-01
        0.151680E+00    0.137737E+00
        0.517244E+00    0.563137E+00
       -0.172373E+00   -0.187721E+00
       -0.606518E+00   -0.550019E+00
        0.315526E+00    0.331908E+00
        0.757164E+00    0.797557E+00
       -0.934975E+00   -0.976849E+00
        0.123334E+01    0.125758E+01
       -0.154931E+01   -0.158332E+01
       -0.543459E+00   -0.537058E+00
       -0.583549E+00   -0.600528E+00
        0.448543E+00    0.488347E+00
        0.250828E+00    0.234094E+00
        0.141095E+01    0.140271E+01
       -0.184002E+00   -0.243705E+00
        0.192376E+00    0.216305E+00
       -0.850870E+00   -0.799401E+00
       -0.105266E+00   -0.457365E-01
        0.115195E-01   -0.206475E-01
       -0.216421E+01   -0.210484E+01
       -0.467158E-01   -0.930596E-01
        0.231959E+00    0.262992E+00
        0.115129E+01    0.110447E+01
        0.398174E+00    0.440075E+00
       -0.535906E+00   -0.557809E+00
       -0.958906E+00   -0.981585E+00
       -0.131948E+01   -0.135510E+01
        0.692477E+00    0.708000E+00
        0.322720E+00    0.303164E+00
        0.695951E+00    0.722011E+00
        0.468318E+00    0.450212E+00
       -0.183038E+00   -0.205220E+00
        0.117189E+00    0.138735E+00
       -0.385600E+00   -0.356167E+00
       -0.545492E+00   -0.522884E+00
        0.113560E+01    0.116117E+01
       -0.728551E+00   -0.780896E+00
        0.100321E+01    0.920534E+00
        0.556337E+00    0.521235E+00
        0.106858E+01    0.110350E+01
       -0.114930E+01   -0.111722E+01
       -0.595685E-01   -0.489975E-01
       -0.395585E+00   -0.410391E+00
       -0.642582E+00   -0.603629E+00
       -0.966655E+00   -0.102907E+01
        0.144164E+01    0.146338E+01
        0.125213E+01    0.115399E+01
       -0.157335E-01   -0.366928E-02
        0.237525E+00    0.220384E+00
        0.705306E+00    0.767462E+00
       -0.164676E+00   -0.180616E+00
       -0.807460E+00   -0.721992E+00
        0.480060E+00    0.512967E+00
        0.103527E+01    0.108850E+01
       -0.126496E+01   -0.132696E+01
        0.172170E+01    0.175904E+01
       -0.210176E+01   -0.212834E+01
       -0.767053E+00   -0.757512E+00
       -0.811479E+00   -0.835351E+00
        0.589541E+00    0.652581E+00
        0.378100E+00    0.354344E+00
        0.195476E+01    0.193496E+01
       -0.307032E+00   -0.397630E+00
        0.200454E+00    0.240432E+00
       -0.106366E+01   -0.996400E+00
       -0.175870E+00   -0.949392E-01
        0.363556E-02   -0.442498E-01
       -0.294988E+01   -0.284788E+01
       -0.480111E-01   -0.127773E+00
        0.289028E+00    0.333822E+00
        0.156249E+01    0.149187E+01
        0.573889E+00    0.630475E+00
       -0.704616E+00   -0.739952E+00
       -0.131828E+01   -0.135786E+01
       -0.183795E+01   -0.187489E+01
        0.914281E+00    0.932673E+00
        0.421253E+00    0.397490E+00
        0.957732E+00    0.987550E+00
        0.653176E+00    0.631787E+00
       -0.275592E+00   -0.311757E+00
        0.181241E+00    0.216106E+00
       -0.523516E+00   -0.481618E+00
       -0.770089E+00   -0.735050E+00
        0.153552E+01    0.155801E+01
       -0.101286E+01   -0.108405E+01
        0.129618E+01    0.116845E+01
        0.774393E+00    0.719774E+00
        0.145918E+01    0.150052E+01
       -0.156254E+01   -0.149831E+01
       -0.293360E-01   -0.160525E-01
       -0.498842E+00   -0.521009E+00
       -0.751292E+00   -0.717475E+00
       -0.115253E+01   -0.122067E+01
        0.168565E+01    0.171356E+01
        0.140979E+01    0.128872E+01
       -0.117784E+00   -0.110716E+00
        0.277931E+00    0.262561E+00
        0.801369E+00    0.874546E+00
       -0.449906E-01   -0.561789E-01
       -0.928620E+00   -0.824391E+00
        0.662601E+00    0.713242E+00
        0.119674E+01    0.126036E+01
       -0.143657E+01   -0.151624E+01
        0.200654E+01    0.204931E+01
       -0.243854E+01   -0.244955E+01
       -0.865116E+00   -0.854645E+00
       -0.938404E+00   -0.961866E+00
        0.646323E+00    0.722580E+00
        0.487612E+00    0.459566E+00
        0.226845E+01    0.224161E+01
       -0.375159E+00   -0.487862E+00
        0.164786E+00    0.215744E+00
       -0.108152E+01   -0.100593E+01
       -0.290868E+00   -0.199122E+00
       -0.306695E-01   -0.899311E-01
       -0.342917E+01   -0.329385E+01
        0.107146E-02   -0.103264E+00
        0.307683E+00    0.360718E+00
        0.175974E+01    0.167664E+01
        0.668321E+00    0.731944E+00
       -0.766558E+00   -0.810959E+00
       -0.155927E+01   -0.161419E+01
       -0.218540E+01   -0.221659E+01
        0.102056E+01    0.103856E+01
        0.473419E+00    0.445991E+00
        0.112709E+01    0.115675E+01
        0.780498E+00    0.759620E+00
       -0.345069E+00   -0.391820E+00
        0.268756E+00    0.320696E+00
       -0.648371E+00   -0.598058E+00
       -0.913554E+00   -0.870185E+00
        0.179177E+01    0.180357E+01
       -0.120248E+01   -0.128322E+01
        0.143250E+01    0.127263E+01
        0.927202E+00    0.858302E+00
        0.169055E+01    0.172970E+01
       -0.179642E+01   -0.170738E+01
       -0.215153E-01   -0.102555E-01
       -0.539451E+00   -0.562596E+00
       -0.770063E+00   -0.743055E+00
       -0.122474E+01   -0.129559E+01
        0.173641E+01    0.176655E+01
        0.141180E+01    0.128117E+01
       -0.260341E+00   -0.265126E+00
        0.330516E+00    0.321541E+00
        0.849477E+00    0.925559E+00
        0.960232E-01    0.933740E-01
       -0.957008E+00   -0.847684E+00
        0.809046E+00    0.871847E+00
        0.121703E+01    0.128915E+01
       -0.142680E+01   -0.151617E+01
        0.198368E+01    0.202474E+01
       -0.249111E+01   -0.249113E+01
       -0.883719E+00   -0.872748E+00
       -0.924434E+00   -0.940632E+00
        0.578976E+00    0.653466E+00
        0.577851E+00    0.547822E+00
        0.234913E+01    0.231903E+01
       -0.355592E+00   -0.473339E+00
        0.111734E+00    0.165564E+00
       -0.966088E+00   -0.886791E+00
       -0.346183E+00   -0.254760E+00
       -0.660080E-01   -0.130155E+00
       -0.354625E+01   -0.339516E+01
        0.813389E-01   -0.266743E-01
        0.319777E+00    0.372863E+00
        0.168931E+01    0.160174E+01
        0.657847E+00    0.722770E+00
       -0.705365E+00   -0.748796E+00
       -0.159005E+01   -0.165164E+01
       -0.232181E+01   -0.234964E+01
        0.992048E+00    0.999802E+00
        0.395426E+00    0.363277E+00
        0.119787E+01    0.122516E+01
        0.809922E+00    0.797358E+00
       -0.384866E+00   -0.432339E+00
        0.373072E+00    0.441065E+00
       -0.723238E+00   -0.670599E+00
       -0.922909E+00   -0.882925E+00
        0.187378E+01    0.187817E+01
       -0.130144E+01   -0.137898E+01
        0.147258E+01    0.130373E+01
        0.964327E+00    0.889353E+00
        0.171515E+01    0.174213E+01
       -0.185652E+01   -0.175855E+01
       -0.400964E-01   -0.362516E-01
       -0.534201E+00   -0.548494E+00
       -0.686834E+00   -0.669486E+00
       -0.118184E+01   -0.124957E+01
        0.155916E+01    0.159101E+01
        0.126402E+01    0.114097E+01
       -0.452221E+00   -0.481010E+00
        0.389341E+00    0.390730E+00
        0.840536E+00    0.911744E+00
        0.304679E+00    0.316585E+00
       -0.888305E+00   -0.787845E+00
        0.904093E+00    0.969457E+00
        0.108073E+01    0.115462E+01
       -0.118138E+01   -0.127475E+01
        0.166208E+01    0.169643E+01
       -0.227449E+01   -0.227088E+01
       -0.804156E+00   -0.794283E+00
       -0.805638E+00   -0.810888E+00
        0.412447E+00    0.465191E+00
        0.605663E+00    0.575965E+00
        0.220499E+01    0.218117E+01
       -0.275342E+00   -0.377841E+00
        0.499711E-01    0.980448E-01
       -0.677595E+00   -0.600711E+00
       -0.382870E+00   -0.304595E+00
       -0.107046E+00   -0.172216E+00
       -0.330048E+01   -0.315462E+01
        0.259883E+00    0.176879E+00
        0.340603E+00    0.384510E+00
        0.134519E+01    0.126429E+01
        0.523901E+00    0.583628E+00
       -0.598733E+00   -0.632665E+00
       -0.140558E+01   -0.146500E+01
       -0.217354E+01   -0.220376E+01
        0.887503E+00    0.881337E+00
        0.211230E+00    0.172746E+00
        0.106405E+01    0.108709E+01
        0.741693E+00    0.744353E+00
       -0.365123E+00   -0.404522E+00
        0.503378E+00    0.588762E+00
       -0.716314E+00   -0.667111E+00
       -0.799422E+00   -0.773632E+00
        0.173046E+01    0.173232E+01
       -0.131440E+01   -0.138040E+01
        0.138401E+01    0.123191E+01
        0.991527E+00    0.924901E+00
        0.151042E+01    0.151834E+01
       -0.177618E+01   -0.168984E+01
       -0.130195E+00   -0.142329E+00
       -0.477937E+00   -0.475024E+00
       -0.535307E+00   -0.530701E+00
       -0.103632E+01   -0.110132E+01
        0.116086E+01    0.119093E+01
        0.991505E+00    0.893350E+00
       -0.642081E+00   -0.700066E+00
        0.479019E+00    0.493045E+00
        0.751144E+00    0.806812E+00
        0.539560E+00    0.570194E+00
       -0.688037E+00   -0.602809E+00
        0.959015E+00    0.101987E+01
        0.774177E+00    0.842721E+00
       -0.783870E+00   -0.876114E+00
        0.109356E+01    0.111052E+01
       -0.183028E+01   -0.183418E+01
       -0.668264E+00   -0.662342E+00
       -0.631102E+00   -0.624374E+00
        0.144046E+00    0.164905E+00
        0.567173E+00    0.541950E+00
        0.184980E+01    0.183409E+01
       -0.941625E-01   -0.166901E+00
        0.336486E-01    0.704954E-01
       -0.206777E+00   -0.134076E+00
       -0.374625E+00   -0.312041E+00
       -0.159359E+00   -0.223518E+00
       -0.277264E+01   -0.264936E+01
        0.471640E+00    0.434480E+00
        0.308475E+00    0.340152E+00
        0.830641E+00    0.765030E+00
        0.269068E+00    0.320962E+00
       -0.372004E+00   -0.392414E+00
       -0.108103E+01   -0.112958E+01
       -0.179685E+01   -0.183465E+01
        0.710491E+00    0.694140E+00
       -0.780077E-02   -0.520195E-01
        0.845756E+00    0.861628E+00
        0.574544E+00    0.592434E+00
       -0.317576E+00   -0.342785E+00
        0.682260E+00    0.779058E+00
       -0.690492E+00   -0.649894E+00
       -0.541153E+00   -0.529327E+00
        0.139223E+01    0.139862E+01
       -0.125805E+01   -0.130783E+01
        0.111906E+01    0.100405E+01
        0.918096E+00    0.868368E+00
        0.117751E+01    0.116314E+01
       -0.150159E+01   -0.144150E+01
       -0.262184E+00   -0.291772E+00
       -0.393526E+00   -0.371357E+00
       -0.317448E+00   -0.337300E+00
       -0.824129E+00   -0.878734E+00
        0.667205E+00    0.701749E+00
        0.554755E+00    0.500571E+00
       -0.808633E+00   -0.893516E+00
        0.535678E+00    0.555921E+00
        0.634349E+00    0.656075E+00
        0.783954E+00    0.835696E+00
       -0.404769E+00   -0.333655E+00
        0.939435E+00    0.100144E+01
        0.381542E+00    0.433032E+00
       -0.286913E+00   -0.372477E+00
        0.441125E+00    0.431486E+00
       -0.122892E+01   -0.124487E+01
       -0.484770E+00   -0.474920E+00
       -0.419562E+00   -0.398807E+00
       -0.196402E+00   -0.216181E+00
        0.472185E+00    0.446538E+00
        0.138032E+01    0.136563E+01
        0.108076E+00    0.741716E-01
       -0.124944E-02    0.291981E-01
        0.344237E+00    0.415789E+00
       -0.318776E+00   -0.269125E+00
       -0.168542E+00   -0.234264E+00
       -0.198319E+01   -0.190101E+01
        0.686945E+00    0.707610E+00
        0.199745E+00    0.225644E+00
        0.185084E+00    0.147842E+00
       -0.261978E-02    0.399982E-01
       -0.991635E-01   -0.114861E+00
       -0.612467E+00   -0.653681E+00
       -0.123340E+01   -0.127744E+01
        0.452420E+00    0.434750E+00
       -0.285495E+00   -0.322477E+00
        0.530004E+00    0.534553E+00
        0.394241E+00    0.417029E+00
       -0.245332E+00   -0.258539E+00
        0.824916E+00    0.923276E+00
       -0.598487E+00   -0.560246E+00
       -0.243902E+00   -0.232270E+00
        0.918862E+00    0.927658E+00
       -0.108608E+01   -0.113193E+01
        0.755097E+00    0.678701E+00
        0.795236E+00    0.765378E+00
        0.665619E+00    0.639895E+00
       -0.112731E+01   -0.109345E+01
       -0.416341E+00   -0.461505E+00
       -0.258791E+00   -0.228371E+00
       -0.683022E-01   -0.123409E+00
       -0.567657E+00   -0.603222E+00
        0.217042E+00    0.237610E+00
       -0.143228E-01   -0.171403E-01
       -0.908998E+00   -0.101332E+01
        0.561324E+00    0.609668E+00
        0.479571E+00    0.451802E+00
        0.977497E+00    0.105130E+01
       -0.269744E-01    0.100880E-01
        0.858750E+00    0.937663E+00
       -0.445409E-01   -0.206713E-01
        0.180030E+00    0.132930E+00
       -0.250984E+00   -0.293271E+00
       -0.548883E+00   -0.569645E+00
       -0.292719E+00   -0.302422E+00
       -0.181565E+00   -0.152127E+00
       -0.539732E+00   -0.605470E+00
        0.329575E+00    0.324268E+00
        0.810667E+00    0.789449E+00
        0.281667E+00    0.297736E+00
       -0.149490E-01   -0.935010E-02
        0.940012E+00    0.101632E+01
       -0.194883E+00   -0.151625E+00
       -0.159553E+00   -0.207573E+00
       -0.101604E+01   -0.984045E+00
        0.871750E+00    0.944787E+00
        0.491035E-01    0.527260E-01
       -0.502015E+00   -0.496298E+00
       -0.231185E+00   -0.200113E+00
        0.165457E+00    0.169772E+00
       -0.107111E+00   -0.156462E+00
       -0.571747E+00   -0.614078E+00
        0.127476E+00    0.918686E-01
       -0.547308E+00   -0.559351E+00
        0.159557E+00    0.141473E+00
        0.186062E+00    0.226340E+00
       -0.153780E+00   -0.160822E+00
        0.870108E+00    0.964113E+00
       -0.413172E+00   -0.396956E+00
        0.533141E-01    0.806346E-01
        0.385030E+00    0.385435E+00
       -0.837865E+00   -0.865998E+00
        0.325646E+00    0.274525E+00
        0.614813E+00    0.607184E+00
        0.550162E-01    0.653147E-02
       -0.626728E+00   -0.607471E+00
       -0.552362E+00   -0.613875E+00
       -0.127477E+00   -0.795029E-01
        0.168724E+00    0.100066E+00
       -0.278139E+00   -0.295439E+00
       -0.235762E+00   -0.218074E+00
       -0.637123E+00   -0.613278E+00
       -0.949020E+00   -0.105061E+01
        0.597288E+00    0.658226E+00
        0.269814E+00    0.217111E+00
        0.112548E+01    0.121153E+01
        0.406145E+00    0.429542E+00
        0.754874E+00    0.833309E+00
       -0.478430E+00   -0.483153E+00
        0.622406E+00    0.608016E+00
       -0.890907E+00   -0.927172E+00
        0.150521E+00    0.122694E+00
       -0.122499E+00   -0.150017E+00
        0.631500E-01    0.671163E-01
       -0.885031E+00   -0.984643E+00
        0.155190E+00    0.159250E+00
        0.225229E+00    0.221609E+00
        0.399591E+00    0.456413E+00
       -0.364667E-01   -0.380147E-01
        0.153955E+01    0.158900E+01
        0.393970E-02    0.476214E-01
       -0.141513E+00   -0.179410E+00
        0.178006E-01    0.188744E-01
        0.100022E+01    0.110102E+01
       -0.187809E+00   -0.195322E+00
       -0.114259E+01   -0.111567E+01
       -0.356054E+00   -0.327921E+00
        0.442857E+00    0.453199E+00
        0.364303E+00    0.323167E+00
        0.124953E+00    0.871236E-01
       -0.228395E+00   -0.266683E+00
       -0.717789E+00   -0.721932E+00
       -0.206991E+00   -0.243131E+00
       -0.400515E-01   -0.249249E-02
       -0.409761E-01   -0.213153E-01
        0.814676E+00    0.891397E+00
       -0.181888E+00   -0.175867E+00
        0.283272E+00    0.306014E+00
       -0.169297E+00   -0.179316E+00
       -0.522649E+00   -0.546682E+00
       -0.192728E+00   -0.199933E+00
        0.325786E+00    0.332944E+00
       -0.568606E+00   -0.620334E+00
       -0.649519E-01   -0.769724E-01
       -0.621854E+00   -0.686533E+00
        0.399903E-01    0.846641E-01
        0.389785E+00    0.300641E+00
       -0.286834E-02   -0.743609E-03
       -0.632696E+00   -0.615375E+00
       -0.127251E+01   -0.121696E+01
       -0.861031E+00   -0.949202E+00
        0.599114E+00    0.669373E+00
        0.566162E-01   -0.219532E-01
        0.116687E+01    0.125943E+01
        0.848989E+00    0.864009E+00
        0.655370E+00    0.746471E+00
       -0.836764E+00   -0.868716E+00
        0.983120E+00    0.100212E+01
       -0.140963E+01   -0.142887E+01
        0.771459E+00    0.744096E+00
        0.444704E-01   -0.558685E-02
        0.291653E+00    0.268590E+00
       -0.118094E+01   -0.130178E+01
       -0.455138E-01   -0.316781E-01
       -0.320305E+00   -0.311160E+00
        0.412441E+00    0.501121E+00
       -0.283558E-01   -0.335838E-01
        0.203386E+01    0.205489E+01
        0.258062E+00    0.300527E+00
       -0.115648E+00   -0.141410E+00
        0.102347E+01    0.982882E+00
        0.999101E+00    0.110401E+01
       -0.421056E+00   -0.439486E+00
       -0.169413E+01   -0.163739E+01
       -0.376114E+00   -0.349156E+00
        0.676902E+00    0.691512E+00
        0.752381E+00    0.700056E+00
        0.787842E+00    0.762582E+00
       -0.539445E+00   -0.578273E+00
       -0.834088E+00   -0.814138E+00
       -0.512057E+00   -0.568461E+00
       -0.288253E+00   -0.259274E+00
        0.905087E-01    0.124253E+00
        0.658776E+00    0.712383E+00
        0.521429E-01    0.454756E-01
        0.410288E+00    0.433529E+00
       -0.677777E+00   -0.700692E+00
       -0.218884E+00   -0.237357E+00
       -0.697211E+00   -0.676033E+00
       -0.331140E-01   -0.117491E-01
       -0.114768E+01   -0.119475E+01
        0.523746E+00    0.495193E+00
       -0.573526E+00   -0.633657E+00
        0.231071E+00    0.264276E+00
        0.115751E+01    0.119052E+01
        0.950630E+00    0.100571E+01
       -0.355223E-01    0.459922E-01
        0.151749E+00   -0.416648E-02
       -0.369019E+00   -0.448360E+00
        0.124195E+01    0.121008E+01
       -0.103218E+01   -0.925020E+00
       -0.113811E+01   -0.109988E+01
        0.974738E-01    0.114991E+00
       -0.349523E+00   -0.507108E+00
        0.790585E+00    0.809415E+00
       -0.845695E+00   -0.892008E+00
       -0.591434E+00   -0.516683E+00
       -0.255801E+00   -0.363922E+00
        0.806042E+00    0.844687E+00
       -0.199455E+01   -0.186169E+01
       -0.371601E+00   -0.277016E+00
       -0.279948E+01   -0.288165E+01
        0.113167E+00    0.133002E+00
       -0.152645E+01   -0.147919E+01
        0.240138E+01    0.234554E+01
        0.603456E+00    0.526806E+00
        0.250850E+01    0.252165E+01
        0.424427E+00    0.557863E+00
       -0.499991E+00   -0.462003E+00
        0.161109E+01    0.164418E+01
       -0.214761E+01   -0.211456E+01
       -0.117062E+01   -0.121154E+01
       -0.360826E+00   -0.282742E+00
        0.799220E+00    0.745480E+00
       -0.737761E+00   -0.659775E+00
       -0.410722E-01   -0.386880E-01
        0.171047E-01    0.116355E+00
        0.772303E+00    0.749503E+00
        0.386875E+00    0.442668E+00
        0.122832E+01    0.119698E+01
        0.433239E+01    0.427986E+01
        0.174784E-01   -0.348417E+00
        0.964398E+00    0.899042E+00
        0.194122E-01    0.106359E+00
       -0.134526E+01   -0.114491E+01
       -0.241685E+01   -0.246176E+01
       -0.764010E-01   -0.753411E-01
       -0.832121E+00   -0.937764E+00
        0.126109E+01    0.125152E+01
       -0.697262E+00   -0.762724E+00
       -0.243692E-01   -0.273015E-02
       -0.996369E+00   -0.978558E+00
       -0.994240E+00   -0.979710E+00
       -0.265036E+00   -0.210289E+00
        0.107707E+01    0.104010E+01
       -0.797687E+00   -0.777184E+00
        0.220400E+01    0.206703E+01
       -0.114280E+01   -0.111898E+01
       -0.183920E+01   -0.189931E+01
       -0.190202E+01   -0.192330E+01
        0.152435E+01    0.148155E+01
        0.360281E+00    0.405480E+00
       -0.182809E+01   -0.157193E+01
        0.414615E-01    0.669615E-01
        0.837624E+00    0.707225E+00
       -0.317907E+00   -0.218661E+00
        0.756253E+00    0.763718E+00
       -0.170547E+00   -0.703745E-01
       -0.412406E+00   -0.457895E+00
        0.297712E+00    0.324829E+00
        0.987176E+00    0.836267E+00
        0.512638E+01    0.503396E+01
       -0.215923E+01   -0.215783E+01
       -0.231364E+01   -0.221514E+01
        0.883802E-01    0.670189E-01
       -0.448934E+00   -0.428950E+00
        0.124760E+01    0.136647E+01
       -0.271115E+01   -0.265640E+01
       -0.750846E+00   -0.785906E+00
        0.226455E+01    0.233602E+01
        0.188131E+01    0.178186E+01
       -0.136980E+01   -0.133076E+01
       -0.592743E+00   -0.621191E+00
       -0.645876E+00   -0.704006E+00
        0.782021E+00    0.770149E+00
        0.130669E+01    0.118454E+01
       -0.271587E+01   -0.264192E+01
        0.878171E-01    0.125125E+00
       -0.496861E+00   -0.581128E+00
       -0.315492E+00   -0.172214E+00
       -0.478531E+00   -0.468930E+00
       -0.282640E+00   -0.213251E+00
       -0.853528E+00   -0.101168E+01
        0.106086E+01    0.105329E+01
       -0.178263E+00   -0.248385E+00
        0.242379E+01    0.235383E+01
       -0.115669E+01   -0.112480E+01
        0.663980E+00    0.769670E+00
        0.243717E+00    0.264592E+00
        0.187976E+01    0.179044E+01
       -0.275630E+00   -0.253822E+00
        0.229335E+00    0.277350E+00
        0.836627E+00    0.805259E+00
        0.257908E+01    0.273837E+01
        0.209876E+01    0.215547E+01
       -0.351159E+00   -0.238952E+00
       -0.181078E+01   -0.197425E+01
        0.162080E+01    0.155068E+01
       -0.578475E+00   -0.669906E+00
       -0.179259E+01   -0.176173E+01
       -0.120502E+01   -0.114869E+01
       -0.107840E+01   -0.111125E+01
        0.713825E+00    0.716939E+00
       -0.847597E+00   -0.777451E+00
       -0.110045E+01   -0.109990E+01
        0.528076E+00    0.595780E+00
       -0.275726E+00   -0.311348E+00
       -0.110451E+01   -0.107213E+01
       -0.909704E-01   -0.179637E+00
        0.210479E+01    0.209556E+01
        0.151625E+01    0.157760E+01
        0.197553E+01    0.200017E+01
       -0.322104E+01   -0.334747E+01
        0.107578E+00    0.203601E+00
        0.159209E+00    0.266013E+00
       -0.989120E+00   -0.101137E+01
        0.883301E+00    0.861602E+00
       -0.101181E+01   -0.107367E+01
        0.332341E+00    0.169005E+00
        0.225970E+00    0.323785E+00
        0.106719E+01    0.111786E+01
        0.742444E+00    0.762634E+00
       -0.219185E+01   -0.229199E+01
        0.262776E+01    0.269474E+01
       -0.109689E+01   -0.106522E+01
        0.559170E+00    0.773159E+00
       -0.186899E+01   -0.199041E+01
       -0.120633E+01   -0.120201E+01
       -0.178593E+01   -0.186608E+01
       -0.186173E+01   -0.201169E+01
        0.250400E+01    0.259036E+01
        0.118206E+01    0.121196E+01
       -0.205100E+00   -0.134362E+00
       -0.114855E+00   -0.192909E+00
       -0.286377E+00   -0.427193E+00
       -0.732812E+00   -0.750296E+00
       -0.675503E+00   -0.544600E+00
        0.316551E+01    0.302044E+01
        0.193891E+01    0.188243E+01
       -0.150601E-01    0.768836E-01
        0.292206E+01    0.302632E+01
        0.775954E+00    0.728262E+00
       -0.575847E+00   -0.689825E+00
        0.111991E+00    0.115127E+00
        0.347290E+00    0.531121E+00
       -0.273697E+00   -0.128433E+00
       -0.360402E+00   -0.299284E+00
       -0.608036E+00   -0.573519E+00
       -0.179164E+01   -0.176293E+01
       -0.101377E+01   -0.982700E+00
        0.717646E+00    0.814597E+00
       -0.132715E+01   -0.135340E+01
        0.191867E+01    0.183544E+01
       -0.217434E+00   -0.366640E+00
       -0.297884E+01   -0.307547E+01
        0.181434E+00    0.188472E+00
        0.236427E+00    0.320326E+00
        0.247183E+01    0.247594E+01
       -0.287638E+01   -0.293649E+01
       -0.875377E+00   -0.101065E+01
        0.238953E+01    0.257714E+01
       -0.337478E+00   -0.163534E+00
       -0.794191E+00   -0.731782E+00
        0.549076E+00    0.530334E+00
       -0.555023E+00   -0.637198E+00
       -0.332153E+01   -0.355181E+01
        0.410618E+01    0.394923E+01
       -0.805078E+00   -0.674764E+00
        0.848254E+00    0.100374E+01
       -0.250104E+01   -0.256296E+01
       -0.690559E+00   -0.771778E+00
       -0.183579E-01   -0.176761E+00
        0.723518E+00    0.739098E+00
        0.219114E+01    0.210226E+01
        0.248475E+01    0.282370E+01
       -0.141448E+01   -0.136053E+01
       -0.174008E+01   -0.179508E+01
       -0.195443E+00   -0.205382E+00
       -0.374812E+00   -0.374029E+00
       -0.140833E+01   -0.138509E+01
        0.194552E+00    0.215585E+00
        0.125652E+01    0.128405E+01
        0.102621E+00    0.120126E+00
       -0.151345E+01   -0.170322E+01
       -0.243750E+00   -0.325120E+00
        0.235923E+01    0.225817E+01
       -0.411941E+00   -0.369605E+00
        0.104740E+01    0.117901E+01
       -0.244725E+01   -0.234043E+01
        0.134498E+01    0.128938E+01
       -0.160639E+01   -0.173957E+01
       -0.630047E+00   -0.553361E+00
        0.804780E+00    0.108142E+01
        0.134581E+01    0.144692E+01
       -0.318362E+00   -0.483115E+00
       -0.167695E+00   -0.175150E+00
       -0.136692E-01    0.145982E-01
        0.363303E+01    0.337154E+01
       -0.136493E+00   -0.105156E+00
        0.141874E+01    0.142016E+01
        0.178838E+01    0.179886E+01
        0.470926E+00    0.511985E+00
       -0.103811E+01   -0.120438E+01
       -0.713675E+00   -0.710142E+00
        0.144269E+01    0.149613E+01
        0.400413E+00    0.581096E+00
       -0.953825E+00   -0.107123E+01
        0.510779E+00    0.489348E+00
       -0.171824E+01   -0.172922E+01
       -0.239152E+00   -0.621636E-01
       -0.844937E+00   -0.776768E+00
        0.118886E+01    0.137963E+01
       -0.262483E+00   -0.320023E+00
        0.740127E+00    0.760780E+00
        0.958882E+00    0.855019E+00
        0.909677E+00    0.997260E+00
       -0.649604E+00   -0.789957E+00
       -0.693220E+00   -0.646703E+00
       -0.152794E+01   -0.150145E+01
       -0.174339E+00   -0.299872E+00
       -0.268175E+01   -0.286975E+01
        0.894701E+00    0.940074E+00
        0.126667E+01    0.119568E+01
        0.775320E+00    0.831594E+00
       -0.161926E+01   -0.153595E+01
       -0.190375E+01   -0.200704E+01
       -0.955414E-02    0.866404E-01
       -0.108756E+01   -0.102010E+01
        0.443479E+00    0.447831E+00
        0.211571E+01    0.208857E+01
       -0.712851E+00   -0.792871E+00
       -0.273539E+01   -0.274902E+01
       -0.149054E+01   -0.169362E+01
        0.328620E+01    0.328308E+01
        0.184766E+01    0.199501E+01
       -0.922636E+00   -0.915068E+00
       -0.314545E+01   -0.309817E+01
        0.783714E+00    0.681318E+00
       -0.115413E+01   -0.113257E+01
       -0.139318E+01   -0.134375E+01
       -0.170125E+01   -0.174966E+01
       -0.352124E+00   -0.429079E+00
        0.120509E+00    0.597229E-01
       -0.386090E+00   -0.487129E+00
       -0.304540E+00   -0.442182E+00
        0.314135E+01    0.314706E+01
       -0.113381E+01   -0.115605E+01
        0.210025E+01    0.220714E+01
       -0.474515E+00   -0.685441E+00
       -0.587288E+00   -0.600597E+00
       -0.217022E+01   -0.230687E+01
        0.276275E+00    0.446028E+00
        0.174257E+01    0.177244E+01
        0.192802E+01    0.206846E+01
       -0.343932E+00   -0.348272E+00
       -0.135582E+01   -0.131037E+01
       -0.980123E+00   -0.974052E+00
       -0.976092E+00   -0.820673E+00
       -0.176521E+01   -0.164219E+01
        0.168048E+00    0.164505E+00
       -0.839749E+00   -0.930037E+00
        0.807644E+00    0.835688E+00
        0.199153E+01    0.203596E+01
        0.203524E+01    0.200479E+01
        0.307325E+00    0.388016E+00
        0.936300E-01    0.187992E+00
       -0.117572E+01   -0.127346E+01
        0.896983E+00    0.861435E+00
        0.760200E+00    0.857047E+00
        0.148759E+01    0.167487E+01
        0.303510E+00    0.191433E+00
        0.119072E+01    0.131286E+01
       -0.193851E+01   -0.198346E+01
       -0.337224E+00   -0.330460E+00
       -0.306053E+01   -0.321918E+01
        0.655283E+00    0.821391E+00
        0.189715E+01    0.182867E+01
        0.241622E+01    0.246984E+01
        0.111897E+00   -0.134128E+00
       -0.132067E+01   -0.127756E+01
       -0.170402E+01   -0.188479E+01
        0.245865E+01    0.246353E+01
====================================================================================================
     Stress (kbar)
----------------------------------------------------------------------------------------------------
       -0.232412E+02   -0.211289E+02
        0.633220E-02    0.780379E-10
        0.459462E-02    0.610637E-10
       -0.232424E+02   -0.211289E+02
       -0.313224E-03    0.381026E-09
       -0.232289E+02   -0.211289E+02
       -0.393477E+02   -0.372230E+02
       -0.126406E+01   -0.200988E+01
       -0.100281E+02   -0.958463E+01
       -0.235017E+02   -0.224135E+02
       -0.452881E+01   -0.451348E+01
       -0.204722E+02   -0.186185E+02
       -0.512818E+02   -0.494568E+02
       -0.520742E+00   -0.234369E+01
       -0.203591E+02   -0.193995E+02
       -0.269997E+02   -0.290467E+02
       -0.281120E+01   -0.315323E+01
       -0.514386E+01   -0.510139E+01
       -0.560148E+02   -0.542442E+02
       -0.565955E+01   -0.838228E+01
       -0.304792E+02   -0.295084E+02
       -0.210422E+02   -0.262773E+02
       -0.186006E+01   -0.260832E+01
        0.603235E+01    0.370952E+01
       -0.596420E+02   -0.577521E+02
       -0.110474E+02   -0.143908E+02
       -0.393017E+02   -0.384195E+02
       -0.202134E+02   -0.272104E+02
        0.250573E-02   -0.118756E+01
        0.913485E+01    0.513182E+01
       -0.644648E+02   -0.618931E+02
       -0.161236E+02   -0.195640E+02
       -0.434598E+02   -0.428171E+02
       -0.195953E+02   -0.261733E+02
        0.317752E+01    0.137367E+01
        0.989500E+01    0.575478E+01
       -0.695687E+02   -0.661469E+02
       -0.207466E+02   -0.238309E+02
       -0.451034E+02   -0.446277E+02
       -0.226750E+02   -0.264383E+02
        0.277145E+01    0.695379E+00
        0.460949E+01    0.199422E+01
       -0.770986E+02   -0.730838E+02
       -0.230515E+02   -0.257684E+02
       -0.475081E+02   -0.468724E+02
       -0.237986E+02   -0.239372E+02
        0.810063E+00   -0.145266E+01
       -0.219328E+01   -0.223061E+01
       -0.832313E+02   -0.796875E+02
       -0.246240E+02   -0.268090E+02
       -0.486544E+02   -0.479322E+02
       -0.226948E+02   -0.190721E+02
       -0.317948E+01   -0.456764E+01
       -0.131458E+02   -0.106923E+02
       -0.858142E+02   -0.818888E+02
       -0.222165E+02   -0.237793E+02
       -0.462015E+02   -0.456191E+02
       -0.173012E+02   -0.128104E+02
       -0.834782E+01   -0.105488E+02
       -0.180818E+02   -0.138731E+02
       -0.793856E+02   -0.757499E+02
       -0.195332E+02   -0.209726E+02
       -0.432151E+02   -0.423093E+02
       -0.639426E+01   -0.256475E+01
       -0.890380E+01   -0.107491E+02
       -0.201843E+02   -0.157849E+02
       -0.689510E+02   -0.659832E+02
       -0.172730E+02   -0.186663E+02
       -0.366725E+02   -0.359423E+02
        0.152851E+02    0.170708E+02
       -0.162605E+02   -0.174486E+02
       -0.224743E+02   -0.191660E+02
       -0.278773E+02   -0.297407E+02
       -0.951153E+02   -0.966317E+02
       -0.141882E+03   -0.137185E+03
       -0.763479E+02   -0.759449E+02
       -0.217778E+01    0.270195E+01
       -0.280794E+02   -0.321993E+02
       -0.133047E+03   -0.136918E+03
        0.161244E+02    0.107740E+02
       -0.320577E+02   -0.294601E+02
        0.117745E+03    0.111586E+03
       -0.705698E+02   -0.695373E+02
        0.504620E+02    0.383849E+02
       -0.840908E+02   -0.823813E+02
       -0.636040E+02   -0.599582E+02
        0.524009E+02    0.490025E+02
       -0.540144E+02   -0.573300E+02
        0.106057E+02    0.116769E+02
       -0.170248E+03   -0.174361E+03
       -0.327726E+02   -0.323434E+02
       -0.472114E+02   -0.468588E+02
        0.241673E+02    0.172117E+02
        0.105118E+03    0.100036E+03
        0.622899E+02    0.527012E+02
        0.532717E+02    0.451825E+02
        0.133147E+03    0.134661E+03
        0.770323E+02    0.728538E+02
        0.766373E+01    0.265541E+01
        0.857942E+02    0.953108E+02
        0.864711E+01    0.196056E+01
       -0.166416E+03   -0.156903E+03
       -0.333682E+02   -0.391236E+02
        0.600715E+02    0.591737E+02
        0.869689E+02    0.796964E+02
       -0.299708E+02   -0.407092E+02
       -0.119786E+01   -0.247242E+01
       -0.742897E+02   -0.629827E+02
