   1  16   1   0  0.5700195E+01  0.4000000E+03
  CAR 
 c16                                     
   0   0   0
   1   1
 256 256 256
 256
  0.1000000E-09
  0.3906250E-11
   1
  0.1500000E-14  0.5052522E-09  0.5052522E-09  0.5052522E-09
  0.3703689E+03  0.3703689E+03
  0.000
  0.000
  0.000
  0.000
  0.000
  0.000
  0.000
  0.000
  0.000
  0.000
  0.000
  0.000
  0.000
  0.000
  0.000
  0.000
  0.000
  0.000
  0.000
  0.000
  0.000
  0.000
  0.000
  0.000
  0.000
  0.000
  0.000
  0.000
  0.000
  0.000
  0.000
  0.000
  0.000
  0.000
  0.000
  0.000
  0.026
  0.694
  4.464
  8.216
  4.841
  1.053
  0.101
  0.005
  0.000
  0.000
  0.000
  0.000
  0.000
  0.000
  0.000
  0.000
  0.000
  0.000
  0.000
  0.000
  0.000
  0.000
  0.000
  0.000
  0.011
  0.171
  1.334
  4.719
  7.635
  5.654
  1.937
  0.334
  0.031
  0.002
  0.001
  0.024
  0.207
  1.061
  3.019
  4.756
  4.157
  1.993
  0.557
  0.092
  0.010
  0.000
  0.000
  0.000
  0.000
  0.000
  0.006
  0.049
  0.215
  0.634
  1.231
  1.496
  1.106
  0.524
  0.160
  0.041
  0.129
  0.709
  2.017
  2.946
  2.241
  0.909
  0.206
  0.026
  0.002
  0.000
  0.003
  0.033
  0.231
  0.959
  2.457
  3.857
  3.731
  2.220
  0.881
  0.437
  0.807
  1.635
  2.225
  1.995
  1.142
  0.434
  0.108
  0.018
  0.002
  0.000
  0.000
  0.000
  0.000
  0.002
  0.019
  0.124
  0.518
  1.393
  2.420
  2.645
  1.795
  0.786
  0.229
  0.064
  0.112
  0.390
  0.987
  1.749
  2.136
  1.802
  1.128
  0.747
  0.837
  1.022
  0.935
  0.581
  0.253
  0.087
  0.062
  0.148
  0.328
  0.511
  0.586
  0.561
  0.660
  1.066
  1.593
  1.693
  1.209
  0.611
  0.286
  0.385
  0.980
  1.995
  2.883
  2.998
  2.438
  2.018
  2.030
  2.083
  1.721
  1.067
  0.494
  0.170
  0.046
  0.012
  0.019
  0.070
  0.197
  0.400
  0.580
  0.597
  0.448
  0.314
  0.369
  0.688
  1.195
  1.617
  1.719
  1.581
  1.456
  1.370
  1.182
  0.857
  0.577
  0.499
  0.631
  0.863
  1.069
  1.216
  1.384
  1.521
  1.447
  1.116
  0.747
  0.571
  0.643
  0.834
  0.987
  1.026
  1.005
  0.951
  0.818
  0.597
  0.362
  0.189
  0.125
  0.182
  0.376
  0.682
  0.986
  1.126
  1.094
  1.054
  1.239
  1.653
  2.073
  2.253
  2.111
  1.793
  1.408
  0.998
  0.628
  0.355
  0.209
  0.195
  0.291
  0.451
  0.597
  0.672
  0.700
  0.766
  0.930
  1.137
  1.274
  1.258
  1.108
  0.888
  0.643
  0.436
