****************************************************************************************************
     Average of energy (eV atom^-1)
----------------------------------------------------------------------------------------------------
          -8.02766632
****************************************************************************************************
     Average of force (X Y Z) (eV ang^-1 atom^-1)
----------------------------------------------------------------------------------------------------
          -0.00000034      0.00000028     -0.00000086
****************************************************************************************************
     Average of stress (XX YY ZZ XY XZ YZ) (GPa atom^-1)
----------------------------------------------------------------------------------------------------
           0.46921364     -0.10586965      0.01038975     -0.01430568     -0.02209602     -0.03217638
****************************************************************************************************
     Variance of energy (eV atom^-1)
----------------------------------------------------------------------------------------------------
           1.09210941
****************************************************************************************************
     Variance of force (X Y Z) (eV ang^-1 atom^-1)
----------------------------------------------------------------------------------------------------
           0.04913704      0.06220643      0.06536610
****************************************************************************************************
     Variance of stress (XX YY ZZ XY XZ YZ) (GPa atom^-1)
----------------------------------------------------------------------------------------------------
           0.69928169      0.24792096      0.21911740      0.22681778      0.25645445      0.11535016
****************************************************************************************************
     Normalized histogram
     X, HIS_E, HIS_F, HIS_S
----------------------------------------------------------------------------------------------------
     -3.00000000      0.00000000      0.00570776      0.01369863      0.00342466      0.00000000      0.05128205      0.02564103      0.00000000      0.00000000      0.02564103
     -2.70000000      0.00000000      0.00456621      0.01255708      0.00570776      0.00000000      0.00000000      0.00000000      0.00000000      0.02564103      0.00000000
     -2.40000000      0.00000000      0.01255708      0.01027397      0.00342466      0.00000000      0.00000000      0.00000000      0.00000000      0.00000000      0.00000000
     -2.10000000      0.00000000      0.00684932      0.01598174      0.01598174      0.00000000      0.05128205      0.00000000      0.02564103      0.00000000      0.00000000
     -1.80000000      0.00000000      0.01027397      0.01369863      0.01826484      0.00000000      0.00000000      0.02564103      0.05128205      0.00000000      0.00000000
     -1.50000000      0.00000000      0.01940639      0.02625571      0.03424658      0.23076923      0.00000000      0.00000000      0.00000000      0.00000000      0.00000000
     -1.20000000      0.46153846      0.03881279      0.04223744      0.03995434      0.10256410      0.00000000      0.07692308      0.00000000      0.15384615      0.00000000
     -0.90000000      0.00000000      0.05479452      0.06506849      0.07648402      0.05128205      0.00000000      0.17948718      0.02564103      0.07692308      0.05128205
     -0.60000000      0.00000000      0.07762557      0.07876712      0.08219178      0.02564103      0.02564103      0.10256410      0.15384615      0.02564103      0.02564103
     -0.30000000      0.00000000      0.24543379      0.24771689      0.15981735      0.02564103      0.43589744      0.12820513      0.05128205      0.20512821      0.05128205
     -0.00000000      0.00000000      0.28652968      0.17123288      0.25228311      0.00000000      0.15384615      0.17948718      0.61538462      0.30769231      0.48717949
      0.30000000      0.00000000      0.06506849      0.10045662      0.09246575      0.02564103      0.05128205      0.05128205      0.02564103      0.07692308      0.28205128
      0.60000000      0.17948718      0.04109589      0.06735160      0.06278539      0.38461538      0.07692308      0.05128205      0.00000000      0.02564103      0.02564103
      0.90000000      0.35897436      0.03538813      0.03424658      0.04908676      0.15384615      0.10256410      0.05128205      0.00000000      0.00000000      0.00000000
      1.20000000      0.00000000      0.02397260      0.02853881      0.03196347      0.00000000      0.00000000      0.02564103      0.00000000      0.02564103      0.02564103
      1.50000000      0.00000000      0.02054795      0.01940639      0.01826484      0.00000000      0.00000000      0.02564103      0.00000000      0.00000000      0.00000000
      1.80000000      0.00000000      0.01027397      0.02511416      0.01255708      0.00000000      0.02564103      0.05128205      0.00000000      0.00000000      0.00000000
      2.10000000      0.00000000      0.01027397      0.00684932      0.00799087      0.00000000      0.02564103      0.02564103      0.02564103      0.02564103      0.00000000
      2.40000000      0.00000000      0.00684932      0.00456621      0.00570776      0.00000000      0.00000000      0.00000000      0.00000000      0.02564103      0.00000000
      2.70000000      0.00000000      0.00684932      0.00913242      0.01027397      0.00000000      0.00000000      0.00000000      0.00000000      0.00000000      0.00000000
